[256.jpg]
moddate=500c46cc37f1d501
width=1920
height=1080
text=2;171;42;Forget the reality &#010;for a while ,Shall we?;Arial Black;0.658424,0.065739,0.050000,0.000000;v1,4294109127,4278858276,128.000000,1.000000,0.500000,1.000000,700,258,49160;;142;4;Lets;Arial Rounded MT Bold;0.597518,0.052622,0.062010,0.000000;v1,4294109127,4278858276,128.000000,1.000000,0.000000,1.000000,400,256,49160;;
textactive=1
